1532001057736.604004   0
1532001057769.875244   77923
1532001057802.752441   156236
1532001057836.397705   234004
1532001057869.375488   311819
1532001057902.700684   389451
1532001057936.139648   467510
1532001057969.627441   545533
1532001058002.902832   623540
1532001058036.292725   701590
1532001058069.494385   779061
1532001058102.850830   857056
1532001058136.212891   934903
1532001058169.518311   1012558
1532001058202.870850   1090661
1532001058236.209229   1168466
1532001058269.516113   1246349
1532001058304.870117   1324046
1532001058336.229492   1401972
1532001058404.782715   1479957
1532001058436.279785   1557442
1532001058469.588379   1635445
1532001058504.498291   1713052
1532001058536.212402   1791231
1532001058569.583984   1869239
1532001058604.234131   1947366
1532001058636.300049   2025022
1532001058669.569092   2102463
1532001058704.097656   2180390
1532001058736.239502   2258009
1532001058769.608398   2335917
1532001058803.805420   2413832
1532001058836.452881   2491414
1532001058869.693115   2569341
1532001058904.538818   2646961
1532001058936.336426   2724784
1532001058969.720703   2802972
1532001059004.614746   2880937
1532001059036.434326   2958656
1532001059069.721680   3037042
1532001059103.985352   3114915
1532001059136.458740   3192856
1532001059169.803711   3270416
1532001059203.733154   3348491
1532001059236.507568   3426031
1532001059269.848877   3503732
1532001059303.451904   3581581
1532001059336.534424   3659380
1532001059369.854736   3737338
1532001059403.208984   3815418
1532001059436.561768   3893032
1532001059470.031494   3970856
1532001059503.425049   4049067
1532001059537.191162   4126726
1532001059570.224121   4204558
1532001059603.679932   4282349
1532001059636.854248   4360203
1532001059669.981689   4437758
1532001059703.493652   4515593
1532001059736.788086   4593210
1532001059771.977295   4671016
1532001059803.186523   4748784
1532001059836.750488   4826523
1532001059903.248047   4904339
1532001059936.592041   4982275
1532001059971.625488   5060027
1532001060003.224121   5137907
1532001060003.224121   5215631
1532001060036.554688   5293326
1532001060103.225586   5370702
1532001060136.611084   5448230
1532001060136.611084   5526648
1532001060203.317139   5605197
1532001060236.576416   5683461
1532001060270.843506   5761202
1532001060303.303711   5838947
1532001060336.623535   5917002
1532001060370.583496   5994572
1532001060403.350098   6072300
1532001060436.677002   6150125
1532001060470.275635   6228038
1532001060503.364502   6305824
1532001060536.708740   6384211
1532001060570.049561   6461918
1532001060603.284424   6539955
1532001060636.727783   6617945
1532001060669.974854   6695754
1532001060703.420898   6773625
1532001060736.730713   6851741
1532001060770.124756   6929324
1532001060803.345947   7007245
1532001060836.760010   7085055
1532001060870.071289   7162634
1532001060903.367920   7240135
1532001060936.721924   7318001
1532001060970.149658   7395898
1532001061003.397217   7473924
1532001061038.773926   7551759
1532001061070.124756   7629469
1532001061103.468750   7707500
1532001061138.530762   7785677
1532001061170.176025   7863676
1532001061237.274658   7941189
1532001061270.236084   8019157
1532001061303.488037   8097270
1532001061337.993652   8175070
1532001061370.211914   8252851
1532001061403.519531   8331075
1532001061437.709961   8409046
1532001061470.203613   8486927
1532001061503.572754   8565018
1532001061537.461670   8643245
1532001061570.166260   8720721
1532001061603.525879   8798481
1532001061637.196289   8876333
1532001061670.233154   8954112
1532001061703.546387   9032117
1532001061736.936279   9109642
1532001061770.218018   9187486
1532001061803.573486   9265327
1532001061836.940918   9342898
1532001061870.269531   9420366
1532001061903.621582   9498052
1532001061936.882080   9575743
1532001061970.288086   9653814
1532001062003.575684   9731794
1532001062036.844482   9809739
1532001062070.212402   9887774
1532001062103.499512   9965721
1532001062136.962646   10043172
1532001062170.242188   10120824
1532001062205.584717   10199016
1532001062236.930664   10276880
1532001062270.228516   10354555
1532001062305.478516   10432584
1532001062337.130371   10510398
1532001062370.460693   10588282
1532001062405.180908   10666117
1532001062437.116455   10744179
1532001062470.327881   10822040
1532001062505.689941   10899881
1532001062537.111572   10977929
1532001062570.372803   11055881
1532001062605.593506   11133625
1532001062637.115234   11211458
1532001062670.405518   11289322
1532001062705.314941   11366986
1532001062737.149170   11444359
1532001062770.436279   11522615
1532001062805.130859   11600172
1532001062837.042480   11677895
1532001062870.399902   11755842
1532001062904.784424   11833886
1532001062937.222900   11912205
1532001062970.397705   11990046
1532001063004.586914   12067926
1532001063037.085205   12145670
1532001063070.424316   12223549
1532001063104.312744   12301241
1532001063137.114014   12379068
1532001063170.696289   12456953
1532001063204.073242   12535010
1532001063237.247070   12613212
1532001063270.590088   12690995
1532001063303.917236   12769056
1532001063337.388428   12847235
1532001063370.619141   12924903
1532001063403.943848   13002767
1532001063437.315186   13080493
1532001063470.657471   13158026
1532001063503.955078   13236277
1532001063537.271484   13314040
1532001063570.635498   13392123
1532001063604.016113   13470114
1532001063637.304932   13547723
1532001063672.545166   13625683
1532001063704.128418   13703357
1532001063737.350098   13781210
1532001063772.505127   13858973
1532001063804.233643   13937045
1532001063837.575195   14014645
1532001063872.274902   14092516
1532001063904.096680   14170175
1532001063937.598877   14247999
1532001063972.431641   14325863
1532001064004.478516   14403408
1532001064037.662598   14481307
1532001064072.063232   14559102
1532001064104.794922   14636712
1532001064137.904297   14714677
1532001064171.744141   14792374
1532001064204.092285   14870383
1532001064237.492432   14948267
1532001064271.170410   15026608
1532001064304.058350   15104343
1532001064337.482910   15182530
1532001064337.482910   15260663
1532001064370.926270   15338638
1532001064404.167480   15416752
1532001064437.439453   15494764
1532001064470.727295   15572497
1532001064504.140869   15650386
1532001064537.414795   15728439
1532001064570.835938   15806199
1532001064604.177979   15883804
1532001064604.177979   15961907
1532001064670.803711   16039918
1532001064704.145996   16117869
1532001064737.502197   16195569
1532001064770.863770   16273518
1532001064804.167969   16351582
