1532001057726.736084   0
1532001057758.141602   91330
1532001057791.623291   182193
1532001057826.830078   273414
1532001057858.305664   364817
1532001057891.620117   455820
1532001057926.441650   547127
1532001057958.281738   638029
1532001057991.518066   729416
1532001058025.898438   820199
1532001058058.243652   911256
1532001058091.791016   1002248
1532001058126.225586   1092659
1532001058158.926758   1184380
1532001058192.251465   1275534
1532001058225.695313   1366848
1532001058259.017578   1458099
1532001058291.856445   1549041
1532001058325.378174   1639537
1532001058391.575684   1729924
1532001058425.186768   1821066
1532001058458.293701   1912067
1532001058491.613281   2002527
1532001058524.910400   2093209
1532001058558.322998   2184429
1532001058591.679199   2275600
1532001058625.216064   2366583
1532001058658.365234   2457655
1532001058691.690918   2548732
1532001058724.989502   2639470
1532001058758.378906   2729911
1532001058793.999512   2820989
1532001058824.999512   2912256
1532001058858.323486   3003518
1532001058891.692383   3094609
1532001058925.306396   3185564
1532001058958.403809   3276408
1532001058991.696289   3366819
1532001059025.090088   3457383
1532001059058.439209   3548502
1532001059093.939697   3639592
1532001059125.181396   3730831
1532001059158.446289   3821858
1532001059193.702881   3912871
1532001059225.054199   4003448
1532001059258.389893   4094195
1532001059293.472900   4184840
1532001059325.082275   4275651
1532001059325.082275   4366551
1532001059358.456055   4457321
1532001059425.073975   4548513
1532001059458.457520   4639315
1532001059458.457520   4730161
1532001059525.113525   4820931
1532001059558.488281   4912052
1532001059558.488281   5003202
1532001059625.146240   5094356
1532001059658.465576   5185181
1532001059692.377686   5275991
1532001059725.162354   5366482
1532001059758.506836   5457420
1532001059792.108887   5548245
1532001059825.193115   5639209
1532001059925.212891   5730063
1532001059958.605469   5821279
1532001059991.979736   5911870
1532001060025.359619   6002562
1532001060058.719482   6093340
1532001060091.959717   6184309
1532001060125.397705   6275050
1532001060158.613281   6365930
1532001060191.898682   6456987
1532001060225.224121   6547758
1532001060260.663086   6638952
1532001060291.950928   6730091
1532001060325.332764   6820915
1532001060360.504639   6911588
1532001060391.890137   7002609
1532001060425.295166   7093373
1532001060460.277588   7184439
1532001060491.956787   7275510
1532001060525.307373   7366322
1532001060560.003174   7457383
1532001060591.951660   7548336
1532001060625.291504   7639470
1532001060659.751221   7730685
1532001060691.956299   7821254
1532001060725.358398   7912317
1532001060759.464111   8003127
1532001060791.941162   8094204
1532001060825.367676   8185441
1532001060859.316406   8276698
1532001060892.091309   8367440
1532001060925.394775   8458080
1532001060958.946777   8548820
1532001060992.039307   8639380
1532001061025.452881   8729841
1532001061058.830322   8820558
1532001061092.049316   8911681
1532001061125.439697   9002596
1532001061158.821533   9093779
1532001061192.205078   9184843
1532001061258.775635   9275602
1532001061292.117676   9366493
1532001061325.374512   9457646
1532001061358.794922   9548269
1532001061392.126709   9639217
1532001061427.498291   9730107
1532001061458.727295   9820900
1532001061492.136719   9911661
1532001061527.419189   10002856
1532001061558.826416   10093461
1532001061592.146484   10184989
1532001061627.200439   10275979
1532001061658.857422   10366787
1532001061692.442871   10458138
1532001061726.964355   10549078
1532001061758.970459   10639906
1532001061792.308838   10731239
1532001061826.761963   10822161
1532001061859.003174   10913152
1532001061892.331543   11003623
1532001061926.415527   11094536
1532001061959.014893   11185503
1532001061992.280762   11276553
1532001062026.153564   11367814
1532001062059.071289   11458610
1532001062092.358887   11549587
1532001062125.916748   11640634
1532001062159.028076   11731164
1532001062192.367920   11822152
1532001062225.655518   11912921
1532001062259.069092   12003557
1532001062292.417236   12094654
1532001062325.747314   12185510
1532001062359.087891   12276946
1532001062392.450928   12367694
1532001062425.797119   12458621
1532001062459.156738   12549598
1532001062492.452881   12640497
1532001062525.859375   12731287
1532001062559.136719   12822048
1532001062592.486328   12912785
1532001062625.818359   13003841
1532001062659.158936   13094981
1532001062692.498047   13185833
1532001062725.824707   13276837
1532001062759.187256   13367789
1532001062792.509766   13458661
1532001062825.857178   13549453
1532001062859.199219   13640687
1532001062892.531494   13731755
1532001062925.858887   13822352
1532001062959.211426   13913138
1532001062994.565674   14004168
1532001063026.086914   14095695
1532001063059.247314   14186698
1532001063094.312256   14277444
1532001063125.989502   14368181
1532001063159.250488   14459211
1532001063194.073975   14550331
1532001063225.962402   14641457
1532001063259.464111   14731983
1532001063293.785645   14822834
1532001063326.146484   14913630
1532001063359.719238   15005098
1532001063394.005859   15095833
1532001063426.466064   15186520
1532001063460.085205   15277370
1532001063493.764648   15368075
1532001063526.006104   15459033
1532001063559.356689   15550332
1532001063593.026123   15640896
1532001063625.984375   15731607
1532001063659.287354   15822399
1532001063659.287354   15913452
1532001063692.699707   16004604
1532001063725.974854   16095370
1532001063759.311523   16186284
1532001063759.311523   16277206
1532001063825.991943   16367957
1532001063859.306396   16459316
1532001063892.627930   16549956
1532001063925.979980   16641070
1532001063959.346680   16732051
1532001063992.655273   16822732
1532001064026.038330   16914556
1532001064059.375244   17005287
1532001064092.649902   17095908
1532001064126.026855   17187050
1532001064161.456055   17278075
1532001064192.668701   17369219
1532001064226.105225   17460160
1532001064261.174316   17551220
1532001064292.756104   17641885
1532001064326.061523   17733311
1532001064361.527100   17824631
1532001064392.755127   17915706
1532001064426.090820   18006392
1532001064460.598389   18097386
1532001064492.832520   18188153
1532001064526.108154   18279266
1532001064560.386719   18370387
1532001064592.735107   18461082
1532001064626.128906   18551900
1532001064660.028320   18642483
1532001064692.835938   18733589
1532001064726.130615   18824616
1532001064759.801025   18915341
1532001064792.843262   19006488
1532001064826.163574   19097593
