1532001057726.736084   0
1532001057758.141602   25196
1532001057791.623291   49756
1532001057826.830078   73512
1532001057858.305664   97868
1532001057891.620117   122488
1532001057926.441650   146748
1532001057958.281738   172244
1532001057991.518066   196720
1532001058025.898438   220992
1532001058058.243652   246068
1532001058091.791016   270856
1532001058126.225586   295200
1532001058158.926758   319220
1532001058192.251465   343360
1532001058225.695313   367836
1532001058259.017578   392456
1532001058291.856445   417208
1532001058325.378174   440868
1532001058391.575684   465656
1532001058425.186768   490504
1532001058458.293701   514956
1532001058491.613281   539600
1532001058524.910400   563944
1532001058558.322998   589152
1532001058591.679199   613916
1532001058625.216064   638176
1532001058658.365234   662928
1532001058691.690918   686900
1532001058724.989502   711340
1532001058758.378906   735132
1532001058793.999512   758732
1532001058824.999512   783268
1532001058858.323486   807156
1532001058891.692383   832124
1532001058925.306396   856480
1532001058958.403809   881028
1532001058991.696289   904688
1532001059025.090088   929116
1532001059058.439209   953232
1532001059093.939697   978428
1532001059125.181396   1003396
1532001059158.446289   1027740
1532001059193.702881   1052132
1532001059225.054199   1076836
1532001059258.389893   1101000
1532001059293.472900   1125236
1532001059325.082275   1149568
1532001059325.082275   1174056
1532001059358.456055   1198376
1532001059425.073975   1223368
1532001059458.457520   1247520
1532001059458.457520   1272068
1532001059525.113525   1296712
1532001059558.488281   1321188
1532001059558.488281   1345760
1532001059625.146240   1369936
1532001059658.465576   1394940
1532001059692.377686   1419164
1532001059725.162354   1444252
1532001059758.506836   1468776
1532001059792.108887   1493504
1532001059825.193115   1517680
1532001059925.212891   1542168
1532001059958.605469   1567052
1532001059991.979736   1591324
1532001060025.359619   1615464
1532001060058.719482   1639964
1532001060091.959717   1664200
1532001060125.397705   1688220
1532001060158.613281   1712252
1532001060191.898682   1737340
1532001060225.224121   1762140
1532001060260.663086   1785968
1532001060291.950928   1810480
1532001060325.332764   1834428
1532001060360.504639   1858412
1532001060391.890137   1882204
1532001060425.295166   1906272
1532001060460.277588   1930820
1532001060491.956787   1955548
1532001060525.307373   1979976
1532001060560.003174   2003792
1532001060591.951660   2028580
1532001060625.291504   2052888
1532001060659.751221   2077808
1532001060691.956299   2102368
1532001060725.358398   2127036
1532001060759.464111   2151452
1532001060791.941162   2176168
1532001060825.367676   2200800
1532001060859.316406   2224964
1532001060892.091309   2250052
1532001060925.394775   2274672
1532001060958.946777   2299136
1532001060992.039307   2322904
1532001061025.452881   2347248
1532001061058.830322   2371400
1532001061092.049316   2395468
1532001061125.439697   2419728
1532001061158.821533   2443796
1532001061192.205078   2468356
1532001061258.775635   2493144
1532001061292.117676   2518268
1532001061325.374512   2542408
1532001061358.794922   2566956
1532001061392.126709   2590820
1532001061427.498291   2614780
1532001061458.727295   2639256
1532001061492.136719   2664176
1532001061527.419189   2688832
1532001061558.826416   2713728
1532001061592.146484   2737880
1532001061627.200439   2761792
1532001061658.857422   2785980
1532001061692.442871   2810780
1532001061726.964355   2834836
1532001061758.970459   2859612
1532001061792.308838   2883896
1532001061826.761963   2908396
1532001061859.003174   2932344
1532001061892.331543   2957264
1532001061926.415527   2982040
1532001061959.014893   3006912
1532001061992.280762   3031508
1532001062026.153564   3055996
1532001062059.071289   3080112
1532001062092.358887   3105092
1532001062125.916748   3129616
1532001062159.028076   3153936
1532001062192.367920   3178280
1532001062225.655518   3203452
1532001062259.069092   3227508
1532001062292.417236   3251708
1532001062325.747314   3275692
1532001062359.087891   3299676
1532001062392.450928   3323816
1532001062425.797119   3348616
1532001062459.156738   3372696
1532001062492.452881   3397688
1532001062525.859375   3422524
1532001062559.136719   3447504
1532001062592.486328   3471020
1532001062625.818359   3495100
1532001062659.158936   3520368
1532001062692.498047   3544868
1532001062725.824707   3568708
1532001062759.187256   3593280
1532001062792.509766   3618068
1532001062825.857178   3642928
1532001062859.199219   3666996
1532001062892.531494   3690980
1532001062925.858887   3715000
1532001062959.211426   3740100
1532001062994.565674   3765092
1532001063026.086914   3789568
1532001063059.247314   3814332
1532001063094.312256   3838136
1532001063125.989502   3861628
1532001063159.250488   3886380
1532001063194.073975   3910832
1532001063225.962402   3935608
1532001063259.464111   3960120
1532001063293.785645   3984380
1532001063326.146484   4008436
1532001063359.719238   4033104
1532001063394.005859   4057472
1532001063426.466064   4081936
1532001063460.085205   4106280
1532001063493.764648   4130756
1532001063526.006104   4155424
1532001063559.356689   4179372
1532001063593.026123   4203620
1532001063625.984375   4228096
1532001063659.287354   4252008
1532001063659.287354   4276256
1532001063692.699707   4300540
1532001063725.974854   4325100
1532001063759.311523   4349192
1532001063759.311523   4373644
1532001063825.991943   4398288
1532001063859.306396   4422752
1532001063892.627930   4447648
1532001063925.979980   4472184
1532001063959.346680   4497068
1532001063992.655273   4521364
1532001064026.038330   4545312
1532001064059.375244   4569464
1532001064092.649902   4594192
1532001064126.026855   4618524
1532001064161.456055   4643336
1532001064192.668701   4668388
1532001064226.105225   4693080
1532001064261.174316   4717592
1532001064292.756104   4741864
1532001064326.061523   4765308
1532001064361.527100   4790024
1532001064392.755127   4814200
1532001064426.090820   4838640
1532001064460.598389   4863164
1532001064492.832520   4887352
1532001064526.108154   4911180
1532001064560.386719   4934564
1532001064592.735107   4959148
1532001064626.128906   4984128
1532001064660.028320   5008520
1532001064692.835938   5033008
1532001064726.130615   5057340
1532001064759.801025   5081540
1532001064792.843262   5106484
1532001064826.163574   5130852
1532001064826.163574   5155172
